  fx = 1317.1810580277324
  fy = 1311.5926572264152
  cx = 959.4999999687046
  cy = 539.5000001152366
